3.286324337023815
3.176820039966953
3.2286730074097894
3.660798064672622
4.886366427397444
4.919855087740336
4.5539669685026
3.8424722087040473
4.342794176788563
1.7771958928491096
3.6859952497918247
3.295846312818188
4.411558198709613
4.068112185337308
3.755367830994577
3.716729476124368
2.691582261491225
3.892398061337071
4.347166179570578
4.658693768572014
4.8495004401529656
4.860942204642966
4.57772189493304
4.462574920562079
4.671929309896743
4.968242877789384
4.132798066099195
4.066283516370734
4.322724975078917
4.934300108940345
4.934309554796971
4.696960137236779
4.275251423217514
4.394355914443805
3.5692402745813885
4.3490820392761975
4.572142180006811
4.92167122349416
3.66583175679367
4.845625984775166
4.704478646495787
4.952221041316794
4.465845313900223
0.14899583481886722
1.7921975558661813
3.3858398337746345
4.098632128311355
3.217704010805781
2.4957237773514427
3.542556592055992
2.054992443154092
3.3510907773361818
3.3290948106976903
2.224642371689011
1.6604509084398997
4.215559150016833
3.6680236694601898
2.0832553031160064
2.211965719700117
2.7270034852180145
2.3711499608237
3.7578302932256373
2.6399134263887376
2.2963185831244575
2.764508284027488
2.4172005302047155
3.197781486666246
2.5396406587213485
2.2004899702361596
3.085798554673958
3.499784510206511
4.367127125537242
3.6236938142000676
2.2990575053301217
3.8792702849336673
3.1671508780514945
3.0747896094281075
2.816329334479818
2.919156201647452
3.7317177705645173
2.6362348653159082
2.980140813347139
3.189553130097998
2.660670849395393
3.645365994770403
3.0707116842477875
2.6449715537837046
1.925145026024113
1.944121732258956
2.8439495951797684
2.8895138578716555
3.3303255709357074
4.214077453647852
1.8014654466664897
2.462634626307533
2.2078832250043283
2.643839372498796
2.5712940162867315
2.1729550161335047
3.2255153030597263
1.7726794510759074
4.322309539030145
0.7313096075612907
1.3549696267801299
3.6759004595681635
2.0485527443712352
2.9609813358529293
3.081448013171424
3.310820188331583
3.877759152178401
2.2035876487750925
3.234453704148854
3.95236781213746
2.3779189993788936
2.493921294595982
4.344109694250339
2.2981223768978243
3.1139964097261577
3.3239505976166956
2.551797913414194
3.117232837120825
2.6806360599582915
2.18930447032977
3.751662783023185
4.556215496439515
4.7154631003071
2.9689080084614456
3.8346716339863853
4.422099392975018
4.7595900615043645
2.3697354060746716
2.128547131428302
3.5406030910386783
4.81488979978649
2.410856828870005
4.486395733476542
3.1306523926065797
4.306834377971546
3.953198141286333
4.247797861946197
3.7389272638110107
4.322652850787316
3.2124414611379075
3.0461816244706705
4.376475748603122
3.240225452595122
3.2710175187078807
2.9859468004230383
3.8856393888790275
3.497033377274126
2.826181336183282
3.054809548307337
3.3755822110748093
2.301616759174923
2.7253374094715985
3.340195510563628
4.94744045340036
2.9482755082524674
3.519200599978819
3.972003496729853
3.8086392809113594
2.5895423684003185
3.5080896554047016
4.30614253228018
4.350644349305408
2.5271910586561876
2.9832648193834324
1.7616812088047382
3.1814855988168174
2.9141562747039176
4.122744452359439
2.310838147977506
2.129932104328356
2.7919390927501864
2.6980992090832143
4.46477287101893
3.138426060095061
2.9339956470073894
3.086213816265722
2.8726457826660607
4.838496597446846
2.2449603791144948
3.8817666488965754
2.4346975243314035
4.8758028864008995
3.130438661516741
2.7820042396194116
3.337771363889284
0.9258376974990882
3.589798700195671
2.533194140146695
2.2595565512537696
2.989886897080692
3.6193635534911004
0.8582449088476859
2.2289113055561924
4.888066448437408
3.173742492580255
4.967597780219125
3.996182149539401
4.446031284979351
3.895861620604798
4.989431136758187
4.224189958736011
3.011114588262296
3.826147803452885
3.172682140444801
3.892381877515233
2.741087613903699
3.001112118978506
1.7990903455402696
4.879884284454193
2.9784500874934503
2.3045746905076325
3.980876719486112
3.994273716165186
3.344458479506362
2.2862035303755692
3.7983627460018323
3.679341377686378
3.5780686343267654
4.7589262068562075
2.979469403713979
2.055810065142289
1.9720889623721913
0.7375897785460476
0.32766197273898645
1.2247391923105506
1.1680204741651927
1.6822765778665731
1.4989150081289397
2.2491315418754567
1.4928599591801301
1.9481413275903645
1.742068932665726
2.1868869699849807
0.3786059858152569
1.2012635652728894
0.5012482833725993
0.956020504809305
0.9412637678149114
1.108529932920831
0.8025274942286271
3.097439293548331
1.9756443019163767
3.759245326503909
0.912510435775459
2.684406688156022
2.0117101709346734
1.2935063094044637
1.5140557148411944
0.8946068485701153
1.8957668126302467
0.8574303465283325
2.2949180607129733
3.1625541746748116
4.738766745872628
4.783279811400081
4.413167099873305
4.849211437564772
1.7512838467875986
2.586731231450936
1.7573109806502731
2.3703095095770608
2.5013852488180857
3.599799506606492
0.3298460504645245
1.2710770938602962
1.7310570992144487
3.3682834364589223
3.716713720010704
3.2719579478715617
3.5943767483117015
3.6117895018631248
2.320095185816199
1.6321913951225329
4.059238813270294
3.325115939390356
4.397989320772405
3.703856992800468
1.6671756618528948
1.8873893445782188
2.012026775266323
2.0928031114358845
1.0914861239781708
1.5207566442505278
3.330358367901646
2.064287839346784
2.8710551496447403
2.689264389626019
1.2599097838544195
3.7250419524347893
4.186508198593931
2.628569072995993
1.4458791784581944
2.5012546016391384
3.9336284142528286
4.966015119067226
4.235113294363634
3.3116463661320648
3.7119344188947445
3.964298287941462
3.731268983401352
1.526717924887669
3.309884413116556
2.2098681907700413
2.1138002319871987
2.492314048117896
4.30096661779743
1.8359207140986447
4.16010711549985
4.077424052366583
4.072425694818111
3.2791464941264192
3.6269153623548487
2.5213965066601123
3.300045733324819
4.815392527995542
4.98173613494237
4.586717610961906
3.9570249945712783
3.370825823065978
3.489930876540489
3.482236084897682
4.598227389942623
3.7709218037793053
3.93360220590723
3.2337181790303395
4.065319950537617
2.9655295792841283
3.4321879045016397
4.7339908255470675
4.092968589981539
4.053343648395212
3.7425191818840386
1.6313048122697142
1.116991872386476
3.4629104756265265
1.5398721504636035
3.5086689117659686
3.1428133022472475
3.4110820319247153
2.60697023970348
2.4668219457112763
4.048913589442569
3.735638615093437
4.515395922387828
2.759409093733439
4.984087924987807
2.1193347073482705
1.562480408284219
4.414152772093027
3.1360750464921026
4.546404966911844
3.4864516997587525
3.0530279788043133
3.2447815450508726
3.345274688690565
4.035713506607575
2.127123256678415
3.660675408122814
4.589289862935344
2.3021763683335
1.464874192209808
4.720647420709724
4.501683555389195
4.491240059289175
2.66351572812888
1.4425786666535265
2.035720357800053
4.133716551903406
4.403823353403764
3.71217886292702
3.875846002909083
3.6351103229813915
4.662883136693004
3.2819853771932017
4.888121128591896
4.899989890094634
3.1522427552485373
3.89552972738609
4.098837964446848
4.326983205057999
3.335327503232011
4.159450043564195
3.8047347561933864
3.675217645553575
4.262479466997834
4.262479466997834
4.557310600632407
4.535630913303025
4.209022742654822
3.3786028519334645
3.573411092441279
4.1321396904314
4.697033724572531
4.8839667900051404
3.8198546101209114
3.2187018166888515
3.8219593192403516
4.214291498444272
4.9595087549346095
4.915934261220871
4.85667864683073
4.968040686982768
0.9947129676904054
3.178403694733655
3.100679193933393
3.432418582150116
1.6165334198383652
4.951392325978314
0.6651926869455946
3.3079212938725364
0.952338967842483
3.2139330372786357
3.8573550491299535
4.751930267295713
3.2075373143485777
2.2970717785183803
3.076165396303356
2.646965263791352
2.1146086440448184
4.7363144143738545
3.0356980517547156
3.6285859775684792
3.5648721212012173
2.1202746508146926
3.038189065701209
1.1694326878647754
2.786622852482042
2.581690743850692
1.6687829261673621
3.060813342438215
1.4014260409919643
1.1798527632062104
3.5497217012678477
1.388985653320718
4.279562713039078
1.9382545305932286
1.4939408388571251
1.0178790423574058
2.6150632007457113
2.409070843778773
3.272370983025765
2.5058136096556525
1.2746397626657064
1.6806294047665913
1.924419570426206
2.799568435095763
3.2243437748372545
3.3930916557849264
1.676616839394937
2.7991823926653936
2.9242498079307278
1.3829645974974152
1.966948355616161
1.3006895674941903
2.870898527031339
0.8350357207323923
1.451428884770613
1.3889463173476384
2.5811964317166303
3.12289117214154
2.6655042476997837
2.1562918486686025
2.1929998749222768
2.26861188063222
1.7204918934373548
4.685059312151859
4.7127598338412415
4.030682102437549
3.8995752745782712
3.041369396783584
3.8413488587740647
4.660917531504809
2.2029853420350296
2.93698505071835
4.010822759848939
3.777336536758241
3.0636677512668213
4.1543995142088015
3.7565278260008435
1.481706918156886
2.862712284523143
2.647538311128014
4.299982259556554
4.086591237141504
4.688912622653104
3.712750535383062
4.7594623808672845
4.862635528782667
4.594723269270323
4.257948280016088
2.8284561440943445
4.839903873195522
4.248650922379126
1.9281458205854118
4.0140591574645095
3.530272903766927
3.3115418910531664
4.826579670477283
3.333650409640503
3.6419060390114684
2.6694801263740735
3.799265613843598
4.319439238246793
4.8311626627222095
4.353657106217224
3.858300082847849
2.4723578424282495
4.506526870169496
4.993440203700149
4.900498340640824
4.751198935358773
4.721365120477663
4.425534763390002
2.315881856942931
3.9920680849998025
3.93847605705262
4.953330943957177
4.988242198071981
4.417605974178775
3.340922821037297
4.243705995927046
4.80784162068297
4.450805325763251
3.9762356844671563
3.2727186063366482
2.3325928919518932
3.787372835846523
3.84807042291086
2.924224306496127
4.408869138423345
3.2853567891782425
2.28110825470652
2.175169977894798
3.4124445464452795
4.13234718057754
4.514379055150005
3.3032438782534657
3.4726993159723007
4.372291652051686
3.241035754135228
4.124895149030903
4.715130979096333
4.483910462075363
4.102085445843654
4.199605703048439
2.2620845085148913
4.3122890448371045
3.2088697776852784
1.253776481016627
2.04571998028128
4.63676094640161
4.652319929329175
4.0440252230693154
4.339640365465889
4.509053986740635
4.633405838277905
4.002425880666958
3.297708230112896
4.084659182786043
2.950087122307338
3.6723770339941946
4.71286181852577
3.3752681745485837
1.1563091424507312
4.072566177809658
3.79735515977088
3.365789292295407
3.610304687375443
2.699547630061851
3.671708087132196
2.985917426068474
3.8103453183272893
4.657373628967736
4.558951643664698
4.518857749745892
4.786232029466803
3.4755351555706544
3.1986151341759026
4.250860126113037
2.0260890300961156
4.603084298618479
4.082649048853667
4.68527936274346
4.526947610680485
4.5556957341522635
4.378027619077037
2.164824982176497
4.41019742569987
4.77979246022737
4.542560514714918
4.125959452169609
4.795577819102945
3.3353403072732446
3.1810169618967508
4.611859729656437
3.2147605060407867
4.0686014078242385
4.865759494815466
2.5422801076766977
3.560752312885679
4.654091811643064
4.23418905673078
4.837564255868738
4.909091186611375
4.277452903009147
4.594652699172443
3.257581504224062
4.116577871853064
4.361524009608684
3.9929450866451464
2.9882923847062988
3.8643461088738857
3.083238465968502
1.7551481044868984
4.8420521477710725
0.4898528831850792
1.696711224370295
2.734520375151583
4.907700065984488
4.571390339500127
2.525751966614041
3.9814461849316634
4.240024676673147
4.074040027835555
3.7743619245769935
4.391423833502393
4.689581991674127
2.736378838214712
3.5689363756244994
1.9424982209942874
3.7342301297171017
4.265203391802081
3.9902635062106047
4.1668106307382695
4.7096954943542455
3.8257637286923445
3.8745653365770925
4.237840187753597
4.850752406564169
3.3059072136048666
3.2422148139915246
4.394287442549151
4.93997102812623
4.461790461097736
2.9379412907002873
4.7268081611384565
4.5639225796379534
3.7361051321739125
3.562859201672975
4.924469373197683
2.9369354438852215
3.9378652879718588
4.371032073577612
3.2053302937055057
2.8881559479727406
2.8423081216095114
3.569803558298922
3.8692642509459283
3.9392889560622297
2.921942368895932
2.2728348656636617
3.203050392980211
1.6732519159421098
3.959655810857651
3.620446366279577
2.474887359501635
3.56161481719966
2.03949411967392
3.7189972398584583
3.2525371463556216
3.4105154126711503
3.37936459028114
3.224710534262479
1.3428045437062694
2.8038948625835927
2.3263658115082997
3.0955674046086705
3.7127048527672892
3.4850352900596944
2.432705446413023
2.1943432354574286
1.9763902117524526
2.5267020071644293
1.8230170549543758
1.060051145816701
1.253750622817811
1.3476839062099875
2.06980075627969
1.8664990046851533
1.7906907419901996
1.2278198665461113
1.923754031772507
4.618242685931946
2.4963037240694477
3.335032672403192
1.9510216184973923
2.8211876313712962
1.0293607566531702
1.178933545416476
1.7075090460838018
1.6537425142582602
1.2182020373388234
1.3926573707560683
1.9689014281740083
4.477110146975881
3.203853248022871
1.4527873407621568
3.028648798440053
4.92013130809663
2.2280548590989655
0.5970776384133063
3.3569235969019644
4.019581514649258
4.840978100544268
3.333002742492158
4.573516858561709
3.682392248979453
2.260184320086749
1.429473676662139
3.4093495767803534
3.3219498397711402
2.3131159197718336
4.298409375921898
3.531332856000008
4.811503811691938
3.603731373812534
2.2242468739923367
3.8001398836700795
3.6491911093402116
1.7969780760403882
3.524381880889358
2.5210496134014555
3.655857451930823
3.356179844489669
4.998274472136506
0.5367652949491923
1.6151439477732235
1.9042982679472136
4.822757739031431
4.388507372826411
4.047378160933077
3.683712733614426
3.8393860436966025
3.707564920522905
2.3766041987589785
1.3915562842718059
2.1609559896143358
3.2063328243120663
3.3520584431095415
4.56388987605167
4.636561662010286
4.689070552900128
4.319544909487856
2.7902940177693343
3.3015112358310494
2.2499708406238335
2.6883028581529453
2.714657546677097
3.9646760071688116
3.6546567563639853
3.012170122293506
2.7989573597689548
2.171632074837363
4.035954809609177
2.549318434901109
3.530589124385566
4.292209147886569
1.9085782179583686
4.462909836954951
3.9764019960651926
3.600156037073261
3.7590482053795515
4.510824975176554
4.759354337973449
4.3127792829102605
3.589673512676866
3.1206847843242724
3.1221627073414755
4.044350273247841
3.8373691461187764
4.946213969159735
2.7854547734022246
4.374135452658048
3.9485106721247827
3.8465871126607705
3.702709589716412
2.3644517284803777
3.7934464119840863
3.128802131168439
3.0524465932698877
2.3595507105490205
3.7949288227516846
3.3337991925103183
3.1168537458817576
4.562842071152213
3.810365882337737
1.7951607955132074
0.6131725787188845
2.1401954443931803
2.685281484579448
0.3056914592369992
0.777460357391404
2.8770449280430928
1.909306838537225
2.940917978834801
2.7106935698700427
3.1217961153248446
4.2643433859245405
2.3179499598979745
3.3580129656257154
2.764476458313846
4.994084657204284
3.9598927804166335
2.468792381750443
0.8720272213797652
2.6838498558010295
2.581635196904614
2.583991410736312
1.9594953700021926
2.842441736183625
1.5101491385650638
3.267821100998391
3.2467270777774653
4.250455206690822
2.919935996060203
4.746432261036305
1.5466561251115376
2.71637978373366
1.2152027229501852
1.977037306394129
1.6122232652455097
4.200241741743994
4.039371985581225
3.351127173305125
2.0411222583678987
3.372449132844685
2.323600873520051
2.5172843901234256
4.570599958557786
1.5365936914817437
2.486638874952334
1.6317095517552649
2.3584598593086716
1.6004529481045024
3.073132210121787
2.323494963580167
4.9643328300882335
2.525021975090007
3.6561043948035294
3.0313655816951863
4.279279345709113
1.614252559902337
3.173475814116706
2.919021417434316
2.2234668579797674
2.1010300183044976
3.342637276332879
1.5606290413153292
1.1251554634329206
2.071371520976993
0.788636727248206
2.555918519673903
4.530107012853194
4.4249528676118235
4.076226861433676
4.389856255322416
4.651041529896364
4.242519480273558
2.8989928194563515
3.724530567367846
3.4011719703333227
3.289518119738958
4.945771571268507
4.9020055784164995
3.9169905620689316
3.981173778496154
3.4456266172683767
3.0495387500891193
4.296395908318872
3.166817456005352
2.041989168203943
1.8154096723305817
3.044042394428079
2.7586900868575985
2.1932147833053226
1.5776534745733888
3.139430293402563
4.408201648573932
4.420331841372736
3.939459522421805
3.953471175061777
3.220363300897446
2.9655918166533843
3.840149610822965
4.910911361063829
4.165904803398172
2.2654626288024184
3.8600306107465725
2.986433624522385
3.8387213137541307
3.5282405330985194
4.04288516092179
2.2840418870084043
3.4354982643756813
3.339669871849965
3.3137100148843257
2.572146089157712
3.302870802337939
3.3223825499390847
3.150860926702359
3.348040452352026
3.06347784376669
3.054660854948607
2.028671278303531
3.7228122411523326
1.862647120943962
2.5785609449146647
3.3571753813682785
2.9910252767292334
3.9817522730341115
1.1650739268014847
4.561012484555986
4.050773927130972
4.5490795390644445
2.064159519841304
4.8210718819658185
4.731831681429341
4.88381397960424
2.934191353438329
1.312639143661346
2.8956923349925803
2.5364914075521403
2.848231891272294
4.126660841606234
4.107746082446152
2.9591541616715604
3.2446792671182085
3.674808041231394
3.18636768267882
1.577332824064335
3.8429619307957728
2.995816763345898
3.6686502790035496
3.7883270664795843
3.603248467535522
3.330218877015195
3.81531218826761
2.735051766490397
2.4351101736489085
3.9825970551275525
3.631654171545047
3.7304040502406486
2.514606468386848
0.5650148123548621
2.835220487807109
1.99752724621053
4.785350889165614
4.110728399360601
2.4184238599480636
2.9282122499120775
2.381498485349188
2.2904120868213202
3.2801486940587363
1.5193750368851056
3.9777269807497766
4.049705158575608
4.205312195963238
4.554098185158092
4.377386845786791
4.647992210097105
4.225344716660825
4.657779835920444
4.6323026041225885
4.580140702094962
3.2176823131201373
4.663643120797648
1.9938280631971361
2.6957331822206325
2.6291673389209795
3.38198144607758
1.7062402552452587
3.0948547381871276
2.7964513714881774
2.3976192836582926
3.9579948266859426
4.305019018930078
2.6131840927582384
3.8684766324494513
3.6121880094862373
3.8279027174632088
2.8428923545010507
1.913098895101579
4.506511437809249
4.300989388986015
3.7404001906792543
2.7432755744571047
4.261264523557336
3.6215349790581577
3.094449599672157
3.456533650493403
4.6664824507738825
2.9347993766984004
1.4329969816437957
2.3254902266555493
1.8052629051296576
2.560021387485913
1.9980704139377885
3.7646844891670375
3.860166554264548
3.31833801411014
3.9426129475514453
4.29590054536908
3.6663871493913622
4.164062158128151
3.7880326701395384
2.6768267697913806
2.7389331595675768
3.1260056721481773
3.502532559349835
2.7969012041149366
1.4807459541077201
2.1969285108653023
4.548821572594154
4.586243524217735
3.929474125114902
3.176360630906373
2.122970832832038
2.2164776638734973
3.419421359726703
2.928668343435047
3.0661097526265126
3.054128987858444
2.962048336949212
2.8481528076916005
2.2459581149757035
3.050869488562982
3.469415414580163
3.0619584967035793
3.25511866651335
3.104994134758676
3.8270540291085586
1.949572705814442
2.8031972877198577
3.2838394137857096
1.8155241575257217
2.473667843873398
2.1841147449135345
0.9773721019338503
2.020064986696011
2.6384385237923396
2.258357001397148
4.452137842802512
3.3280333676755167
3.6298489899472655
2.8816502145375633
2.3840575846521084
2.6366351288872267
3.1699727466579253
1.5311193676771337
2.5630973082611153
3.6898788126489817
3.5234088098995597
2.5524623649368228
4.59839690164336
4.445617527082751
4.261139326100297
2.1761514879833572
4.49673971627064
3.716590404126942
3.695125531697811
3.5767113279529226
4.659254125914851
3.7305197109802393
3.0023130182543727
4.35028872314175
4.056998342450689
2.474452959047049
3.3987879370775533
2.89326192787971
3.6375064752954134
4.033099727909606
1.9671238601527392
1.0764105398795074
3.1535897183014363
2.7052812827647705
1.5577978794119303
3.335230545611345
3.768972058242792
3.3962815287084696
2.62073516336983
4.133115615776933
3.884803473400943
3.717175630850001
4.706920994137175
1.8919526592225075
2.3377996605046873
2.558172371334569
3.223777021517454
3.229321913458605
1.9093709787831465
2.37644431045228
1.8166825983818053
1.754025900665
2.9349929879573238
3.273524567722406
2.754311195199122
2.6179851098752995
2.917240097681904
2.8937608620244295
3.0071926067318766
2.871525559470323
2.826207949649803
2.7379633772144807
2.402146565989752
2.3738970145103924
2.8673621326323313
2.5037886820365274
2.241002575346488
2.685653883835443
4.743950018049057
2.989449948241681
4.1559855060329705
4.571726193738991
3.0283548127566426
4.114853031567181
4.333990948530314
4.28317761510431
4.404294933999777
4.036337119135104
3.2254806794177497
4.403513171434322
2.9341219930873566
3.3305241584384038
3.5143353255136773
3.1904211411915195
3.475206966150847
3.8929061641777283
3.5400275080165455
3.7234556381966897
4.101448275736982
3.3597549372920836
4.393690025570291
4.906511237592379
4.776493626148299
4.0064028140582
4.008374111580968
2.4581040096837783
4.302379998528819
4.829947036730299
2.1702138250723526
3.1439144918644146
2.244429182290086
2.237787165705527
1.4978255484503682
3.0670200037019364
1.7406925315716832
3.386054442996843
2.1595275656555097
1.0749736169950381
1.6585706407253242
4.31203439894611
3.3629005106134384
2.482558543539534
2.6617469069428688
4.152846961187474
2.051406320037112
2.7360488171818904
1.1123872540969002
2.8945616300056507
2.6101367794924415
2.3826133616892284
3.5288087684537017
3.686653227041538
2.119878845704661
3.918137109371997
3.4304878582133713
2.5472825976387137
1.8994072386425165
2.0426638773617443
2.505540180020245
1.821773164102148
3.023649942841586
3.9255180955808355
2.4570004617243084
2.958464533782254
4.084763356942155
4.937071266814839
3.125970291820862
1.4432329933835701
2.4666658026080297
2.6934675632730443
2.324526785487825
2.592563206389582
2.327530962145637
1.7883177374743697
1.0587727372971458
0.302107070186654
2.577308064025828
1.5803092420453153
1.8260526424582226
1.436983541976346
1.7299615753856432
1.603713289810933
2.06400007637286
4.978606919852429
0.7724632494248331
3.4454620209275255
2.435236328666503
2.703635296888585
1.874419014682781
0.5021223766839955
3.812288618376531
4.642234235423043
1.9428902022938197
2.0880828651756844
1.772970653773134
1.7401032418876756
1.9281032034788754
3.9411366309998166
1.2358911011527438
1.5984266716081452
0.8484799444082729
1.4283233834695443
3.9251889007627887
1.6495206674142078
2.334909695535224
1.568859504700984
2.5031444106543432
2.3509544705407173
1.5120292331513185
2.326355735203895
2.0107811043283887
3.7384199896199717
1.4369355989727837
4.3657706051676035
3.324245941934494
2.1033397470563275
3.8269171715439216
1.6450111537464398
0.8840100512818959
0.9559440315624843
2.648747403316888
3.231685526456091
1.7040884871582769
2.4312781523836193
3.3819548094036
2.0034358656186133
2.2001976704986683
4.963769577557426
4.435981885234452
2.568451992146381
2.0108878599175566
2.560685312451049
1.8301580294926367
0.743407614433759
1.565395754609119
2.163499884475435
2.0852820301396706
3.644068151656609
2.4531851026404428
1.5235110452942544
2.5900377312651712
1.7935201310510516
2.8038562024883165
4.052580289947266
2.7295817210029356
0.46588537709832223
2.7661855671303077
3.249301167245007
3.875109057083941
2.079335899121491
2.899531923204248
2.8742025126183646
4.223908588422118
2.3849739651396065
1.7263921767016899
3.9768353572240858
4.600698689082416
4.467591016021839
2.0757983738750343
4.402005150055202
2.8493516566106356
3.7701647907555174
2.4821193078840467
4.682980972755317
2.905292257084691
1.4911221856415446
2.3880346231850225
4.014290244286468
2.468559030822281
2.0273464849144887
2.456329697174336
3.6871025965908184
2.950082014895341
4.414485080654742
2.013788871381104
3.0511933092449555
2.9250065920386987
3.672911070252257
1.9297761838724956
0.5227428000823501
0.8295504931370922
2.368533203148613
1.6107816018302463
3.9806933387313608
2.4045543818507116
2.2725995645625128
2.313134135167119
1.7381217310622974
2.371435127347914
3.3792403479125155
3.8528206930706883
2.428392374724757
3.6282062326375453
2.5387075754908723
2.079022060071347
2.134442689922774
3.667040817881496
3.8905950029228817
2.383169491160188
2.093350741835796
4.099674396472614
2.0473316168321225
3.7028693059833246
0.7681939244843934
2.0237658142651607
1.4089131041095384
2.9257188287797224
2.7807588165870873
3.4199396827675956
1.1670775649352558
3.479469717381113
1.1573211691982137
4.9672441337552415
3.7385166783089216
1.6357999554315712
3.7394489408640252
3.1136329716781557
1.4855974219340824
2.6727725465912706
4.638916234233025
3.884028694980305
2.9371050923458175
4.719163816216196
3.272464461771957
4.509830981068171
3.405842333755428
4.4600316177657415
4.256050725384044
4.113765317817602
4.197596679413849
4.14519071574107
4.58605342197388
3.5951817288136785
2.5038587640410372
3.9501154207167932
4.333084122327557
3.4180308715710246
2.3191913538286677
3.6350232609693056
2.841400361182298
2.693874531531764
4.222339711382475
2.8223543519480554
1.7481549854100566
0.9370500539818973
1.6850509531201112
1.8340347720731132
3.8927671529949497
4.271042525892749
2.6276108155374156
2.5360700863309558
3.5079563543822756
3.5692335511102176
4.305534064116636
4.042831910037345
4.44898197182359
3.9123973984294493
3.80033508571015
4.685708828259871
3.6881073386054526
4.88003212838937
4.511543999976708
3.8078969407059793
3.464284691080224
2.9693609828175256
4.016577657437628
3.9206486668327365
3.5195381530837624
4.118417457600003
3.791391431100179
4.299997197589307
3.932525273945467
4.867913256369974
3.8166717965074333
4.4807197159179575
2.6794535774510893
3.510531447053417
3.9626092930290766
3.5654704837630318
2.764789622094373
3.8773403368847568
4.906605886107154
4.162894628344282
2.1156559822980245
2.868937469258245
2.263167607058643
3.363334767063932
3.180771018967272
4.607753764960715
3.152555528848088
2.444604584885971
0.8404114525116452
3.19067389772501
2.681682476914297
3.1015367707462858
3.385090621666083
3.9874385088489674
2.9423356069588222
3.479114755079201
3.373283722050073
3.516635112397465
2.3985575280563225
4.108768554295851
1.72146048335038
2.1213740562683507
3.7359367125483214
3.3246654815094687
2.207896941810578
3.1789554177733397
2.003975850167914
2.4337350029955203
3.021739295267826
2.6728608936755203
3.1075230018031026
1.1402048575252843
1.4656204844573233
2.479471263865579
2.3128133549629553
1.3349769167443455
3.9122440378959613
2.6877981361902763
1.4585087771666005
3.8251585488286723
0.6611122931684397
4.96034607186746
2.8631822991020845
4.356440863209672
0.6543198047466307
2.5584193542009874
3.3936518881906648
1.5422648853010938
1.7708946256029043
3.115248157042529
1.5525204943533089
3.611067796483061
3.939143479800146
3.911731207100093
2.661536260048799
2.8794636419561006
4.963360158992659
2.3775967058039136
2.1959613332375385
2.3787800887659856
1.4276713038245545
1.1774514988777138
3.0153552782581894
1.36790059817979
2.701679681514151
2.8469608163432336
0.7445215273137328
2.266816581631115
2.511368508815786
0.44921860917126344
2.586904428419886
4.160444401662596
4.253228708054911
3.833036205865789
3.393420546590671
2.44374486591699
2.2799783602717723
3.116838033501123
3.5069516621621055
3.20167185986424
3.9078568121481134
3.614447966643557
3.8871203234380634
3.401851614017312
3.13697499771766
4.074291885244479
4.547421049442168
4.57944340273696
3.8345160719858433
4.00408415555534
3.8589168769378213
3.075200761334755
3.816657604279849
3.806292979862321
4.554246981965478
3.9107104708644496
3.383012354105174
3.0493043991468616
4.370213805665934
4.453399781870336
4.4362250825338085
4.55455891687099
4.4090517833637595
3.8748029932940393
3.5020682819882873
2.347515090500684
4.623373819065447
1.7360643794939747
2.853211099042941
3.60093393452483
2.6119092424405967
1.9409927644529203
2.254293121203275
0.7137993528716522
3.226605862411505
3.5666853457999155
3.0796627061989286
1.604218073522493
2.393720917912398
1.7572811313896208
2.2920845113514146
2.5155106625511805
0.5873303932865918
2.5863891782054447
1.858180198480454
2.0430511920051315
2.9338143464025017
3.336591918917383
2.712639420278717
2.4012868182644405
4.663098228398749
1.7745169423168603
2.402714191522115
4.963261054195107
4.324336355911476
2.947416809205271
2.0610280587300265
2.0962893276469328
2.2972727101939006
1.8990249061881093
2.8479620320857433
2.008298225960185
2.130730549246504
2.321810748367037
2.676588430614661
4.246381004293913
4.13076838748535
1.822938213100826
4.195792867936454
2.838267329096429
3.9199740756716257
4.601653163845673
2.4397630628026015
4.793754024174895
2.6931408706236404
2.694549630501124
4.213278069743527
3.912249044013856
4.366201234967593
2.3982480076350914
4.045240806522498
2.7802862026858493
2.7843442106023315
2.2201525174985863
4.053129223864427
3.7861613431637586
3.952755138138107
3.836444812800232
2.4024581495106796
2.0674075166580663
2.5838716976402893
2.5817542564204436
3.600008130802147
3.019816401884716
4.735836103238699
2.37622105551433
2.7718416221770847
3.8632669856365864
1.246703833776499
3.0024318230261957
3.4740060541539055
2.5865792361434248
3.0893378210955786
2.138739580922924
2.5603390612559567
3.2896040087191136
1.8424947069217017
3.2202629505813807
2.3024507444076834
2.3445591984246232
3.4813605637899103
3.5595358137894686
2.4770802775431906
2.8466304441359433
2.7760737176591794
3.839954642541815
2.419568863703678
4.537604076821942
1.7010897840439927
2.6989237953062655
2.150439644435575
3.1320183661765504
2.2997889303687424
2.546655838913177
2.6751579762056275
2.900504371016241
3.710354178771088
3.8442205573942796
1.6117551151728102
3.3099830693231214
4.351157215523663
2.9276516858056882
2.8290637300702377
2.464016186055425
2.103709151207001
3.138351831415613
3.8826059673060214
4.138337621237268
3.025121258554638
1.7209609184079264
3.579049687147134
1.6798417729816955
2.8361277659867876
3.5347420059398558
3.4587456381182684
2.520605575504972
2.818969202582428
2.3479974954841865
3.4102118313809653
3.3472364462793145
3.058948645440847
2.4717369010818167
2.8953744995211306
1.8734884841278163
3.7729534629624335
2.5084646597555635
1.9977195390373186
1.7668619262085605
2.192404779936267
1.8395582618726973
3.4729828308440394
2.0543468767542485
3.7483318234433236
2.5206082440218927
3.4530951054643952
3.1787749417378803
3.3309228143350236
3.4328334154069924
0.9875934597531726
1.6355480044565032
1.8889105945814517
1.3790372076873463
3.8548634060714773
1.2501649871519591
1.5503010110646251
2.2160100946792625
2.335869200556087
2.80986316541548
3.8005682012925703
4.050859022244215
0.77542404111038
2.6288163030286613
3.252676492579405
2.9340969684809197
2.9678972901056353
3.1423501649080987
3.785207027147457
3.7379706650228455
2.327131827511414
3.0915348356578223
3.9173985917305183
1.6643522696696658
3.51094852063505
3.384051113379765
3.494446150797977
1.0052689431439354
3.354398146556187
2.3602219107990234
2.1484955009074795
1.2022683943037993
2.8935063126179528
2.09557708786996
0.9939255272002394
2.1036278033211864
3.801553623158949
4.484669106455968
4.918482562553977
0.7450763363590769
0.6109467087431996
1.6393578828672577
2.216422844104014
4.555485314936663
1.4730864477242425
0.6981442318246605
0.8678416051328374
2.6654768970874403
1.6198963872215357
2.4996983007050124
2.877325283164332
3.4625956641492195
1.0943669042094155
2.5979566020438156
2.714819449973602
2.3288012651295906
1.2716837128787641
1.0575285236157057
0.5749424459587054
3.320506869454138
2.260113938203491
0.917303957116396
3.2616579324173927
0.5650275010929664
0.3284175787772406
0.6766746549405845
1.6198074946264869
2.5712784358200937
0.8579244054902325
0.9018315196175508
2.1773317520434037
3.8936360115233226
3.4581412681617874
1.087637124510592
2.568515743483865
3.5671602813699295
3.0725068750893074
3.8310973884558877
4.489255030650124
3.8112458218618888
3.8837591909294535
3.395864199258627
3.2645978720203064
3.929961678215837
3.1494654052878994
3.194984195087504
2.0652605126560655
3.6023947692514584
4.603637679595988
4.024331905264432
4.1851674534462555
3.2299906856801845
4.756495618650707
3.388192031050415
4.523932830054106
2.6764186015688476
3.4936526481400882
4.323735060627793
4.260292437615363
4.274944148094063
3.318949071674996
4.268144240623997
3.479738116979672
3.4552389822444307
3.9153983634275065
4.152603887975728
3.2179840689044052
3.9625790435013934
3.7748412547547847
2.394445319494544
4.012459825783962
3.7665499065715715
3.256442507303342
4.170681499991562
3.899027148365566
4.846164338345256
4.502065829178049
2.9061192489766756
4.3543886088361035
4.457563355668459
3.1777516529319247
4.479938260919146
4.582778455865788
2.7007422351180246
3.083989264619124
4.001577302537771
4.069873731992769
4.127721336093922
3.714693991429541
3.822047880114556
3.8954975817006363
3.8968669594059917
3.903446618406869
4.4561649188288275
3.367327150674897
3.994235649571258
3.5345679476957566
3.046231876494717
4.240971764068749
3.5958624051303163
3.99914739766011
4.472461581716754
3.7739665204676305
3.5403522948630872
3.682885626408711
4.707664238418941
4.574548198841135
4.80384780948618
4.940650401722594
4.888238396145665
4.647087278245294
4.945076804123985
4.4682735215218985
3.7226770178078312
4.19312694207031
3.8814985062432914
4.959311792978994
4.359468729065849
4.191358265421765
4.2686898635349815
4.649675145602211
3.6026362172978863
4.978021266001739
4.269534445181157
4.12427373249714
4.67310458433642
3.9177093458665206
4.044311420976012
4.855704369382429
4.448401925283924
3.2193851318832345
3.508880207442218
4.134053362409059
4.205698731373116
4.303346624375257
3.882220715677738
3.544868788007051
3.2298699888037494
3.636358223137709
3.4773783276177275
3.675164089323417
4.4020655407378575
3.9357863190748263
3.9293288148384073
4.157153473902666
4.566000815527255
3.7479714404090165
3.6224883847920983
3.2647198036203844
4.021270859223455
3.3203785196895703
3.2233658473229956
4.248120671245308
4.3637340505351165
3.2162619032619264
2.9987947716064256
2.798665838509377
3.9893760156822196
3.7672771316868783
4.613179894566495
4.6328462937154615
3.8834841118258923
4.612929264112965
4.410446322449986
4.954475582310563
4.618069803386759
4.945363260152832
4.893632065318515
2.641884106266496
1.661137666793944
0.9150518882426435
2.125185683109958
3.333657724002105
1.748046285287861
3.575525011987249
2.295486819675581
3.6546949059522063
2.7846957569397186
2.1621026213718904
3.9384266590974044
1.2724357350008983
1.2932662373464598
3.0834331165980355
3.612081039720666
2.6637592798812606
3.296186660286023
2.9094077105191394
1.5272486456833811
2.415679016074996
2.220847340485941
3.7545321778103915
2.119343323433188
2.278197122326921
2.5577267555010184
0.9200409801204226
1.0847309990127647
1.454325608350304
2.146338945084827
1.0487132174925402
2.1952081841029236
3.0425083828371804
2.5173604265552894
3.300915886227058
2.791020950469552
3.4013433947103664
2.384748398361361
3.895857609267647
2.3595514337097203
3.248783093855611
2.528414771457927
2.358234171740544
2.5457331311418994
3.4991460774662926
3.2255099501145317
1.9731363396195405
1.988878264233773
2.336714158000021
2.3368792135144423
2.935784589318967
3.7965879838728656
2.2932446117963785
2.09497391828276
4.853965046268312
3.6540541807202715
2.9542900491275788
3.1960523927068136
3.7387335391236745
3.8894757671441984
3.666932449917951
3.740047445826565
3.1398231468002002
3.184585884998004
3.1626278133011696
2.676955625564148
3.2479804594354205
4.082862579860166
4.3010769921438285
3.008924873920254
4.386000303727943
3.0289742448452825
4.849022173003035
4.454956175652258
3.479597542417857
4.136778438781252
4.9231025278364156
4.476546637367163
3.902830802851657
4.915167387944831
4.0850874322093516
3.6226909833735066
3.343247570506875
3.2877083987635656
4.819107265482202
4.7296814142739905
3.915559512598554
3.6291915714526506
4.194807042005616
3.847466967696057
3.752309349204173
4.910259206702705
3.3996044035652986
4.147748907866162
4.594680892222521
4.540456070542692
4.346044631158177
4.498569186052824
4.671643656553278
4.720479291798118
3.7843620451059348
4.075132361948322
4.677395480963372
4.575313724620464
1.4081185650628665
4.216057106753465
3.138583449824333
1.1348379920268403
4.317573476206566
3.476337230330506
4.252477104007069
1.0594781099202275
0.8537346413899164
1.1224730690786495
3.4177945536751433
0.34407527270698074
1.0778970355010897
3.9089800148412324
3.2269111092484164
3.196441072581178
4.1453075462023214
3.0819591266895046
1.3944795347206498
4.086571162980972
4.398843225559992
0.8988905109364235
2.398686481164196
1.6428078564376491
3.7017829236745827
4.664819313819151
2.478639286686135
1.8404242177128085
1.1848436935599853
1.8965108818616594
3.3472896592607246
0.8934223001295879
0.43629098090798485
1.197830546197248
4.254683493401457
4.984914902681237
3.025374251823121
4.435518856526514
4.67164459998726
4.867681500863574
4.984885904257806
3.884632154683338
4.091442512474221
4.789488009726251
4.340336372602148
3.7705384279465255
4.492682413624841
4.019051349736724
4.598327827211991
4.2996993510026185
4.015653766418736
4.543950017213467
3.8486034969484417
4.394671346031768
4.124745955507929
4.7619479710862835
4.923894251228165
3.9009189813768694
4.360786998430315
3.8122695190070384
3.863490891987008
4.968839486363086
4.262239424790427
4.172017397652009
3.725624408444519
4.364681370086914
2.2784220028360394
3.503708162495469
4.750894719166647
4.40529835262623
4.087425246281312
4.529702613841334
4.440245182651096
4.573297509849882
4.302711504550449
4.052473305991399
3.6587046723076204
4.750464390417313
4.040268442832808
4.402973574283299
4.419977737953651
3.5531500464853645
4.454792482505286
1.6413674911842742
4.5346024115694
4.749371013280001
3.4188816707341894
3.7808701581246345
2.5932500621133925
4.072322794964137
4.34926124948077
3.5052858048828317
1.6529048822995167
0.45936656479587873
0.9044934055275243
1.628200946253227
1.5649010867213387
1.4736731928392002
2.7385830628430887
2.9209723193109745
2.989695476417603
3.373363251385275
4.2596762155064285
2.0218798457828075
3.3018562070054163
3.5426467458439403
2.9681829391134156
4.06740444790123
1.5191161340011112
1.5287554701482342
1.5596358354395716
1.450942548036395
3.889938076760357
3.225469333191836
3.0592713013776844
1.6682163388878382
4.724182488471426
2.803320438393913
2.9686841077991444
3.5469314412215467
4.019345907900421
2.4423035752683138
2.6283547067749415
4.629228889341837
2.6169918981167513
3.8764868229763163
3.5613787989093417
4.692622105683532
2.900252097205536
4.167914784909446
3.7059834769682207
2.892148311969983
1.7778560004861639
4.353089623725012
4.326352872198636
3.3822688280913775
3.430634408706421
4.4156407011852865
2.182669051019061
2.798619435330478
2.2391781654889966
2.346124028756604
3.869542427257429
1.8733142776094964
4.9286189114328085
2.984197579207695
3.2116604816592558
3.262727599150617
2.6794880885993475
2.744812456073032
3.373663245530762
3.5633693105580337
1.6293885934618255
1.1671551602329118
1.1828258340117417
0.7805421352955916
3.2510361418376568
3.263243354018556
0.5515733649546648
2.4869346654750837
2.098339468639006
2.350745808760921
2.421440016118669
2.950859577814024
1.9240197718939918
2.2276639707948367
2.9803957190356147
2.449695114631233
1.4240037887814962
0.6910297803261313
2.6757726371047506
1.5429861502391913
1.524934801286073
1.8956240841160779
1.5760365534512824
0.7922025771549623
3.056281767200679
2.6770181531559474
4.032374311968888
3.214445965457357
3.248524966966574
3.5979370839230267
4.174702593036674
3.097005034868822
4.443820130438152
4.491758095852225
3.668611162467702
2.5944118412633963
2.616892990582288
3.2482259515736316
2.3269549836485757
4.208518815970301
3.851000237326132
4.763928915067886
3.7042690198768544
4.263038332949562
4.972814539260096
2.294155994852997
2.6782800961503197
2.2071700027164938
3.090992306309344
3.3288415522473076
3.828441376370544
3.863450733582925
3.956504112627671
3.4282265441459288
4.250660216670502
3.1576583344106735
3.1334968676586996
4.091565027372829
4.475792874309083
4.4938895406746004
3.130841262673556
4.127269166759363
4.328837194240833
2.4956648457743724
2.950383627828024
2.3981472268307034
4.696310734101301
3.12178158951396
3.1581776952550924
4.597356371845406
4.8098294623136715
4.630508064812988
4.970080192149224
4.9871385185123
3.3858597971440827
3.287961333529066
4.116510893920944
4.038985890194304
4.400214857191794
4.288280299128332
3.6616827702910393
4.349475997883871
4.780555687472942
4.708475157560845
3.4008640425092573
3.8436205075935064
3.9036092861786353
1.4375559944839378
1.4751662248092277
4.932074187971887
3.266504299737988
3.170746361874897
4.319165100723973
4.44991376889918
4.986310986415335
4.30288649902702
4.610333243634493
4.1127722474750685
4.077323120904992
4.977578996705677
4.734130998534155
4.583951040525252
4.706492334531723
4.928245279460855
2.99192241497256
4.745859878577382
4.0951053710093355
4.688637345212949
4.760225887381999
3.515529806832915
4.86345417055815
4.577442636479568
4.0439505613039035
4.8456705478632
4.716437079160618
4.829390318399266
4.1861773351544365
4.226432615668402
4.373344959381172
4.830103944998075
2.2513458589679707
4.3580590837821065
2.8943226702845783
2.60702028924433
4.481900515371885
1.3761383938054212
3.5411396030636144
4.604352035372277
2.494617488932729
4.2177656806352015
1.0872985964900708
2.099258535202002
1.9840441785253922
4.105359143757997
2.6005178880841457
2.1860861977368238
0.994770690053878
0.8486667272505888
3.0728345439067675
2.9175771848804968
2.4235896831063326
2.34566060062272
2.840590003935498
0.23585659877695297
4.172756281291464
4.6027949720588115
4.156327647546519
4.025030362688367
3.952227842338578
3.6755617367174804
4.654418336103091
4.549027449455018
4.780608246338474
4.567814709687341
2.6049539854125054
4.929023576956626
4.529675650794114
4.8604990345574866
4.583789563759809
2.490810492640117
2.855476783158577
3.947893873989065
3.8869982026005983
3.9136280413093774
4.80942154299539
4.766999359832994
4.219040108069265
3.310260743531111
3.2204687179000366
3.417651481650297
4.089969150300685
2.3493862178729388
4.875940590767782
4.382659257467235
4.976309496269232
3.5332295544314043
3.8089553010573964
3.9102625915903317
2.759600495648147
4.532346889460569
4.64031691175154
2.347262498908821
2.3924400224549656
3.3017476790925944
1.6210681327134018
3.080911617323204
4.271875025586968
4.568752037209285
2.9506242116739596
3.136338001616374
4.223343504790583
4.305270985875358
2.9375818313367072
3.0260699129246764
3.2838032293290533
4.129311270051823
3.7893839265083593
3.630203952122089
4.748890371541665
3.5198382441225666
4.613098547612491
4.401282514764048
4.153438643566584
3.997820710941183
4.346344292946654
3.9090196580115735
1.5347444923651927
3.7618632718005216
3.0122327238119655
4.297480678332016
4.510455386367193
4.605488554153396
4.418228487359713
4.403117587320602
4.098762083969387
4.701476577328597
3.1349106042771875
2.6211607451343606
2.458625654207398
1.535426849875004
2.6349098115218372
4.817318417913146
3.653075777393627
3.2063634268835264
4.32538310436918
4.1264387317063225
4.303180296794813
4.489515167675196
4.816053058614287
3.566818613397125
4.412706112340577
4.661572616737249
3.1920060666233008
4.345870870602781
2.400070448509508
3.666498509111587
2.7061801124875027
3.6987427854893404
4.9215072891660805
4.509211261436947
2.607998996639404
2.223025346759048
4.472516555043272
4.087058820411257
4.1727862018846755
4.365902521845572
4.762674794178907
3.2493865389566943
3.5181979984632212
3.6939531612721486
3.6207042709198336
3.1745719174595792
3.3272046140816065
3.934291490132182
3.8958650905163554
3.892349930923076
4.370313160349011
4.802255161969938
3.4600906924105974
3.641410659806848
4.258165212958963
3.948377321464414
4.5900844491968185
4.3215581119159365
4.222486407853317
4.59420648195733
4.409885207917653
4.411751264370236
3.611644692878362
3.498756471425896
4.042181332005375
4.06275337343813
3.8121479760740247
3.8530819257195836
3.918756725629992
3.1123084093345628
2.533840065807385
4.133025992811861
4.842981694961262
3.367781373309089
4.475048234998518
4.5240465126821805
2.625047071491507
4.001942377661137
4.998499170757812
4.166896943072557
3.764168340525105
2.564127058861799
2.8209636113532617
3.448088335410919
3.0321744357403357
2.208263258216684
3.369575623163816
2.5087720934023423
2.111403460544108
2.7761083840817955
2.769585877613949
3.374830373316479
3.4668031188040422
3.633130396380336
3.673285982307752
3.369989664796265
3.4249430724270504
4.375838404484302
4.77339452742352
3.5708068617787534
4.053083618558087
3.4271627970111833
4.69768948714374
4.8780151741715585
4.758341215770248
4.270280368939402
4.828866659610743
3.523246887172732
3.6319558126283775
2.2594140071228965
3.6580853544150793
1.7740339878204539
3.9913307292938973
2.790336843061256
4.3498566228571365
3.4684858831937384
4.987259345069032
2.7311871045574625
2.0409367908967786
2.1559094286862153
4.381258199911915
2.9013264363146165
2.6696918989643557
3.6029787214991305
2.785414782980135
1.7764361330309335
2.46068380807019
2.6310403001424305
3.8036717857594584
1.8935156233287318
2.849294045876185
3.829355335226681
2.468084789096553
3.213699768573104
1.0218293067485726
3.5030750967592628
3.0446362696930693
3.0700000480635006
1.7213905958288183
3.8737132363783746
4.9377626483949095
3.8713021194832096
4.745200780331817
4.897221892376283
4.360953760550291
4.655922099673051
2.6011308593891878
4.45412103323892
3.860547742289737
4.919835973087632
4.415740009748169
3.9889175480947583
4.436346269562543
4.844725640928933
4.448639872605873
3.380685257957836
4.563230961375113
3.6000348106728395
4.437604444275329
4.673668976378992
4.529826530468728
4.118717430314568
4.78901868079098
3.250548530354278
3.1605271982964958
4.570765609252922
4.509310706489401
4.04468724507269
1.2093510611797764
3.1004592021659465
3.8396801636930196
4.316583954723932
3.543160836925624
3.5467934673389445
4.586908096211466
4.75817715661979
3.6833076554080644
4.555975037964065
3.7693691305860964
3.951875562470583
3.818627536855501
3.5963014213923943
4.322292370051764
1.7648872642586277
0.8774977239246171
2.963601000457574
3.1708545992854655
3.2670303164814496
2.1889031952033453
3.2649899339269224
0.6976629715179945
1.6075735285761643
2.3199213088566193
1.4350897079616058
0.8048880556537581
1.3971859911238949
4.5456994533189725
1.8315399421026626
1.3660546385075036
1.7468941333751569
1.844218657535508
1.8239851365677546
1.6157943555807708
1.926865229180434
1.3407962672847553
4.8539595618673586
2.86209863863383
3.0851888908803637
3.5179322131865143
2.415440410836131
2.4854756669078837
2.0930654111599765
2.1021272105385753
1.3408218481738547
4.497259870971238
4.66393695642855
3.9690324955071
2.305139449570338
3.231138638940788
1.0482638275406821
0.821607038716255
2.330936997737705
0.6147348317338116
3.208821218463924
1.9703173507089426
1.6184057853391471
1.841875481048511
2.166547455814467
3.4780971808578465
3.6212897149826855
3.976326054420391
3.8502926832605926
2.72641007339735
0.9856137800129792
1.9272280961630524
0.5019993563080734
2.655473513460482
3.6565581360007777
3.839574510035482
2.1441081640491864
2.438435410083058
0.4863413264919449
0.818358283806783
2.0670238004074206
1.9051515956474658
0.5444828184069779
0.8838933907895857
3.0165158894112394
0.7620671102986556
2.2281997072831023
1.757199466687661
1.1490733548757488
2.7269798697315215
3.681632699346215
4.382935842441746
2.182075522101705
1.5333197858191898
2.564928543970072
2.545846172605978
2.778553185934614
2.7438663353660218
4.014090745257365
0.3126980912836272
3.5310582855342845
0.508161779686597
1.8837677174116694
2.8517370075052093
2.952755585893981
3.363603897514824
1.8405854064674936
3.076270220641443
0.8357935373442476
4.897240177711857
1.1850757530741898
2.760573431387484
0.9751840674128541
0.5423828636081252
0.8256126099253964
2.652144976160174
2.6558540588440804
2.9159814763420324
3.0444277567579165
2.832917978478854
3.2572576176780856
2.8027089832400445
1.001775375751139
2.9779038810787384
3.6043057042179174
1.4087469737441969
1.5334611067534678
4.250888835354966
3.0707790414769356
1.1511785359218956
2.529729122798367
0.6567433231375444
4.0002249559024605
3.834033901473256
2.4866800803147955
2.9670235177967044
2.8296398218332737
4.480957941360482
4.944583290037036
3.5636845732807587
2.066735571159709
3.2111743156406227
4.842568773151399
2.913611954086946
2.3620085520176075
2.3079537886948724
1.584845058672705
1.5207859039167813
2.6511347774137337
2.271323221440427
2.2703309646789007
2.4617324974455603
3.1853941773943757
3.289102551546315
2.1541215450373667
4.637827055818251
3.0062811754450633
2.7105899342109736
2.6733772027191556
3.0157241792887874
2.6719177153610953
2.507397949397826
2.389646525368495
4.1975794501031425
0.8392770134433171
2.9909874027835803
2.4526664612312206
3.300187939082429
2.846170958282712
1.5292655867376315
4.254575304409825
3.3111696630632004
4.114242089578501
2.7546984109596138
4.108017130975538
2.8204117337989305
4.142390312644271
0.989162432338589
3.1308821382590777
3.3447407455178824
3.8203568411191426
0.9805449664786692
3.4204370789800316
3.3544237724431727
1.3886526785727924
3.439980470200034
0.728022834012024
2.345250734399724
2.7189414238651026
4.37025288925994
4.267228523754132
1.2926957709137465
4.273457386987782
4.689686038582613
4.7010057494001165
4.767213345673134
4.7344633834805405
1.2559024462360138
4.797441566422185
4.537693102633142
4.58727918933845
4.787938959348945
4.858795511659343
3.778524389256633
0.5337883419571116
2.465474321439053
2.077831177854509
3.0248754026906846
2.818321925508072
3.9387499075538077
3.4225984449151334
3.0918913655608655
4.656576265234551
4.254517904925081
3.4313760253834893
3.1572622120873812
1.8335568154155533
4.742372959121556
3.2210410180074986
3.6945523474021122
3.5250111648937517
3.690069373530037
3.4870572069062247
3.3125083465282263
4.624214492999101
3.835331532980386
2.713889031731063
0.9625098710642112
4.865948430613702
4.8020587216350865
4.8812776898902435
4.861240568954471
3.3277396840682236
3.214684648777667
3.2875386013898207
3.6293764534509854
2.4199070507741096
3.563628892544179
2.0605981040628474
3.986901064845188
4.019571310627601
2.0845178501340653
4.383499429087847
0.761914277297745
2.3303597727582464
0.6228543199872936
0.19634068026214319
3.338902532957401
0.7790651832812078
3.8202533241731818
3.599581103079218
2.634819112456321
3.7941463703444276
4.5221587169217825
1.761213248927212
1.7210318398710935
4.850548695871309
4.757585883657623
0.5619255232632747
0.7625461664492822
0.19094090854419057
4.839266189054131
4.715002648968992
4.541631822998377
1.2033671548297458
4.566669571819076
4.18224538215616
1.0880291341906285
4.559441161602091
2.5211253944393435
2.0979678972637794
2.0116964324570956
1.719085663256681
2.710320635230181
2.8831386788459104
3.4017299916579997
2.5373649981715034
2.4386621813640166
2.114060934074049
1.9213002267844437
2.2421785548442106
3.698494581056553
2.18454810433041
2.055010110671057
2.8955059159489465
1.7221465705935803
2.2429836408441886
2.0133425186636815
2.129313192447251
3.232197298700288
0.6720279188419339
2.5675806689707414
2.465474583253754
1.006627728675827
1.286837642917677
2.395063596858182
2.5593526883027473
1.5756120923234709
0.8038064505381346
4.535480166541763
2.4964375779266708
1.7860953928326873
3.044434352137008
2.5444674055404524
4.542442927987565
4.522871678377584
0.9640957984455322
3.979828461248274
2.9717796007279
2.3985686989067285
3.921161263932046
4.958634126380525
3.9241141774646326
4.550447838297438
4.505719393340808
4.859271384584697
1.617826768150782
3.7032971083678383
3.272882214276351
0.49187139639727784
1.0798365559300318
2.735816848619723
3.157997659520882
0.9847842883461085
2.239834886175282
4.409935113701174
2.9195392510958746
3.83266087597647
4.001496346527238
4.40694308197647
2.8455126990657433
3.3175844638318748
3.295939372104935
4.126448219204601
4.82343567198851
2.4883251180475296
3.665189886726907
3.9371971615665484
3.9127533851290837
4.431493244897723
3.740656578696823
2.0865308307168413
2.8469866420102434
1.3829638745163355
3.326921801865316
3.8208848348437714
3.5306395086107463
1.7002621030323581
0.4642721743403469
4.704162339985573
1.828221689758468
4.504822214721401
4.27223777712014
4.406285540027813
1.304986654464598
1.8373259075246777
1.3222186976008503
1.48717922068024
1.165096110973781
3.6226190887763026
1.2615645000972253
1.2025520682702586
1.1865661544916069
2.423352862312564
3.639745874521671
1.2922726813277414
1.1031451358397013
2.9867207251972943
0.36967832774104836
1.968500365567924
2.564211673607624
1.4943572856662888
3.0415985325982793
1.8033983749368139
1.5944049764534696
1.9517108035252935
1.2937099900704658
3.5190169781998057
1.8466303737320449
1.617156470880226
1.1221895110330413
2.3204275916227686
0.3655652451578602
3.553255097309332
0.8722348841249855
3.810138833402579
3.01682529618724
2.305996969732547
1.3873351184008742
3.140775199153747
0.5985487022915557
1.0110164711661729
1.1348658387477861
1.5444930646001813
3.3029306357767036
1.3856184625545027
1.700410802820185
3.1486477491187324
3.1397232967939357
4.4714262639780875
4.938810913032295
3.1376424320020173
0.9026829955041463
2.387042142527133
2.7864898380040755
3.852983465094853
0.754444777803202
2.7116129982122867
1.1509474791908907
2.9405229242590494
1.1141664671563922
4.984526763633149
1.676780318889195
3.107093608210149
4.120090001262432
0.21548681830480812
0.32291340641548355
2.8079786727049623
3.1554497277452813
3.1677158604219273
1.3273518393035388
1.4505865720809474
4.101219769762874
0.9731498431063594
4.334811891041744
0.904900747661712
1.2942709755326687
1.1575494564402244
1.2974000810696116
1.1672441631624737
3.2806469073530615
4.35999186147415
2.889941518686941
2.379394578017397
4.1951726117799275
4.29615540598501
1.8501484814019766
3.2498347826452174
3.4562335450753303
4.421149858810534
4.166546095104025
4.865236948941671
3.831900744355199
4.036269646791311
4.914288959761645
4.919151450682221
4.380090798457946
3.850705401935017
3.6420585682564193
4.2520617184016345
3.687296861242555
3.6842692259314456
3.8735671488771932
3.77007230493462
2.696644204307692
2.1849200963384043
4.671516721575192
3.9533929972927004
2.8852430226846604
2.441455627672884
3.4252923029092357
3.7061134064184613
2.6832078669931896
2.0092804187364472
2.9175316010789376
2.084179728629561
2.217756352154641
2.438316985120298
2.406654303220721
3.9735381382265897
2.246829210991543
3.884825854108832
2.187054335608714
1.7809363807868472
1.2384824127113514
1.585659106574595
1.9337586583242519
2.5455399956357954
2.6514703812924347
2.00012189628436
4.252427835991913
2.3179264938608766
2.576199021609295
2.742453855727663
1.3351462579565816
1.4587433799378422
0.5368783789545095
2.000960259770529
3.193097687151208
2.6948149019464833
0.47512207537077583
0.5419005719442426
1.8655011233453749
2.0242142401405165
0.7563798761259468
1.4710723410460351
2.0873506689836643
1.0303792223276516
1.9649898846341163
2.314815487723331
1.1209021827942294
0.8778748796785169
2.736195070070453
2.8688676469940475
2.095800527382467
2.070251487079802
2.575802788702105
4.0383518462271795
0.457689495418252
3.1242265465275185
3.2675903125127213
0.34327724153138744
3.1502865261922612
3.5332464136282375
1.7039025697417283
3.7040519074405074
3.540026965078911
1.2341523640542535
0.7614800858585381
3.772749508538047
3.917926485437023
1.2323249620216297
0.17157181340979247
1.8824840285371958
0.35183307104477185
1.6923831002327707
4.8067496409361965
2.629183377116032
3.889924698128004
1.5360478492764928
4.394989570733757
4.390242205013086
0.8197855709070838
4.081931095118404
2.419544532737085
3.760277197778688
0.7873994193187889
1.5571869145811281
1.3327489334965248
3.9356385316893934
4.451666242617546
3.533902211237255
4.882099803279017
3.8181190074152473
3.629017624389501
4.887448335449901
4.663379637431024
1.179076613374953
2.880572537351868
3.1247384355764685
4.198851717675374
1.830506066124214
1.9094976285029774
2.34417328964036
1.9317743711028668
4.464229335444802
1.5607208702883997
3.8948027293892458
3.944229106822822
4.598848236877742
4.130852695386193
3.984768135251936
4.548374466576924
4.607752668506136
3.6247655777696868
4.546883781438828
2.096199177623626
2.3432099206110926
2.2166541287676753
2.306648347606672
1.5446297337376773
1.5306324109889011
1.223492942140584
4.236436072231734
4.144043401880587
0.4316268182684314
4.0119853782208255
4.3414563654566605
4.454150093398348
4.048703898891786
2.8682761093846043
4.603235633020852
4.995642413736485
4.2494097607669294
3.6572363640162964
4.023307968738525
4.835845187700724
4.199369573924111
4.179895802998263
3.986114118136049
3.103655924577793
4.9979482526926855
4.708048539904804
4.390980957508679
4.930662684944813
4.182889471633836
4.802872759923978
3.595227162466964
4.822041758566978
4.97255222522017
3.8308398639654304
3.744986690607024
3.1203992551461495
4.1805253249364345
3.9304243584117384
4.221971072382783
1.1566452043155004
3.208216680423094
1.8519576073200419
4.4274593020722115
4.225048190428566
3.8466591062112743
3.845609169548206
4.594950442216984
3.5615482617403447
4.242476745558399
4.154512960951896
3.0891855494067255
4.490033524410756
4.53244179435667
2.435467258731637
2.0760705025848463
2.5321846990981807
1.6082678088164006
2.3660267622949283
4.640353917212858
4.829633197324153
4.910890267545912
3.7355302848606513
3.5394102640270044
3.8311112479531335
3.580701814718071
2.569290291085953
3.2200332735951678
4.442644528012322
4.222770087186432
4.665681081879001
3.8141541945747366
3.9263926481878437
4.7208544044334415
4.102128473314178
4.12692186758991
3.8961558956875493
4.46758719580922
4.336305367566663
2.560825376373495
3.09697171072002
2.9461461287536586
3.754520538070619
4.106487355415703
1.5846392920169485
0.24912173993806247
1.3004238418913694
1.3142550151047956
1.3031006596755317
1.6235944003851284
3.6451751556229106
3.7383052335718547
2.8909984086908778
2.5965522350303405
3.5578603897590213
4.1974506952004065
2.430533847428816
4.996347564572803
2.8265686307775524
3.2717451144567846
1.9010148349472522
2.2248448863391834
3.0564726102700135
4.6107972631196725
3.5913032287300526
4.322251385287154
3.1614714154688404
3.3072336485007674
3.630817057642164
3.1361669512819144
3.5392758881678366
2.9812647502139002
2.607160224150908
3.8662230949955423
4.255159194416521
3.4007782399428867
2.884262308007617
3.6990550278064926
4.448717779156416
3.3103287642646064
4.084901174522162
3.0476111618718673
3.4618568564667482
4.253233217011666
3.6441816211670788
3.396975029274442
4.263414431222471
3.5866948786975774
4.273478069331892
4.136708068198714
3.5857757366287637
4.90534977099531
3.1153000260465937
4.497642097989679
4.957713122400859
3.64081109562051
3.4017285781863493
3.8592874864221316
3.599879886859579
3.7044684848750964
4.0196976739132015
4.391076433708067
4.988211206303464
3.6291970522988137
3.885824418403753
4.584648434725799
4.471806886400052
4.145570477293347
4.442848468658129
2.0322767818400576
2.8991193289297565
3.7564361357331983
4.15130025737895
3.232242092874506
3.5383312409650785
4.041991506634342
4.857979668221583
4.58111777721671
4.311047044261913
3.208276289197981
3.6810738976555974
4.392659175047971
4.307647070315989
3.374649478298436
3.3559790438216055
3.2355280902265484
4.264476612289831
2.53769762315678
3.4130442752010683
4.769194601152936
4.740897865675701
4.756925278685856
4.981831697389459
4.898202207758697
4.668568484308392
4.517302749738651
4.988699567450812
2.9008716999438033
4.385489580771584
4.639908991107284
4.219344989789457
4.981316496542385
2.7486439758821533
3.8622537220145428
2.765362286098583
4.209751215100667
3.5134196348717377
3.862039657002756
2.613741033662346
4.032591451895197
4.728454968687443
4.361370388524308
3.859435251314558
2.368938836002509
3.7131181274454685
3.672755381384979
4.906366609768497
3.269608984961508
3.1092656186191134
3.7592875828867545
4.452024572694436
2.15110580676062
2.512975165117497
2.1125629972202526
3.0807506851569535
0.7308806934564972
3.385157619309957
3.015238727278979
3.6480057575996407
2.8341361494823865
2.8250199635112305
3.08601405833072
1.9648849234367374
2.162805932479826
0.9406399680474875
2.4916118225841832
2.923230995837539
3.2168476053039727
2.3757190680408917
2.8754448782352555
3.3024137177086588
3.410666072219497
2.1253832190074973
3.1503650910815635
2.766447879532452
2.4376196893971285
3.221127521722871
3.819141612874442
3.633928237805166
3.8694787069697822
2.3312151703600437
3.1123070333090292
2.6036541176102177
2.774636570081945
1.9353956082326862
3.2766861867965313
2.079525606465572
2.509169743602106
3.12326006637776
3.841350843722655
2.676996778074813
1.9453814297180798
1.9380503595681806
4.286365089840622
3.7970431738356782
4.859695346186316
4.976898238190443
4.993131786192492
2.999433741721259
4.41285893278908
1.8512665343230297
2.6019913238893984
3.8272854624936072
4.8251858491960276
4.4950694665521835
4.661412821034236
3.5830114868763023
3.4428819478422956
3.322179017848435
4.351277935027388
4.752730974676189
4.326334515819164
0.6964731692007404
1.5398416866922762
4.694523220931084
4.012262874716289
3.5759146554217667
1.319949233086142
4.508405217443345
2.228205228672134
4.878108939199868
1.246345268806727
4.836131500551107
3.9313203547900386
1.1066370601557156
4.500830658338925
0.5851882933332033
2.9486529041855216
2.725180997848335
2.2849075446528686
1.7959279364117573
2.6711674707677444
2.9555382122644787
3.788331520433975
0.5452915693414757
1.9442598188080709
0.9994046837092986
2.6989502382129347
4.464635235141483
3.001397677593951
1.192716015992791
3.6526683023889674
0.5442924838248172
2.7218009407218413
1.4226579965515993
1.5225827650954495
1.1345043297320898
2.174987722651661
1.741735342851274
3.00479405762548
0.9234865815314736
3.1545975855989106
2.8084224507197906
2.900524474347762
0.8125647628760155
1.0019518226591806
3.3779726397929175
2.385721075777383
3.8437079253080513
2.423405661227255
3.2790518335106404
3.3538501005270454
2.1242843219457788
3.0007292383979287
3.1240655148988616
2.9465791050960903
4.374125955830031
4.173827378677288
2.6688571154768432
2.5939857347642707
1.5658113403743712
2.414328825212245
4.348567906789539
2.2367612653745454
0.9096634363289408
4.651079615805758
2.470388586553798
2.140272184915552
3.914764031671317
3.818718653813988
4.72851080372785
2.06262194898579
4.341425333451537
4.175704832311627
1.6989669318438934
3.6378529348211797
3.6077715522396363
3.412732760091638
4.667077816188219
3.0555814280802185
1.5398824339979302
3.5592860535241844
4.468848616992132
4.31642282774533
1.8437786549169581
2.6112683262136844
1.606067939415261
2.9713602008950066
0.7561033161051268
1.5453217658124099
1.5508409085278132
1.3638370308367187
2.8233529737140257
2.7791896703696173
1.225080948213471
4.4930182767805125
3.8775433218099407
3.5716879371086163
1.9724671751153044
1.6568707922310135
1.8889327833317364
1.7322086791330462
4.066603367262783
4.541151602706044
3.4492262619081786
3.3329036721197323
4.694036880378021
4.42023408821365
4.946488197223641
4.389002249540985
4.524003302527246
1.5665133333088521
4.508928560805059
3.4376563645810965
2.8245832605902312
3.81972097945079
3.148300032740265
3.4992053884566556
1.8933818432460539
4.356741482521333
0.8835120081437414
3.2885089634896816
4.652185759368834
4.088292929461807
3.510795752199451
4.880337444964513
4.164161934100157
3.0779321886548296
4.519396990213972
4.198664005796154
3.4000897650856654
3.5606252144866057
3.7588673157154995
4.395974905976018
4.261148090193183
3.8472469290418148
3.6127095138783467
3.036666411708438
4.716309516626578
4.932400701691902
4.334212826620875
3.6125648751461035
3.78638675551805
3.5314227758209182
4.450822149087707
4.575299289495279
4.158800733987439
3.752627246317978
3.714338102304011
3.528921945940211
4.036707933953061
3.710690866509033
2.6655742858627085
2.9518790697625237
3.0907456305239482
3.617779983603639
4.8740841725451
2.7263218369521547
2.069667962529499
2.3680089020630293
2.6263938656557113
2.4974827485894573
3.2212620281242406
3.9643740531009417
2.615980708811952
2.803097096718796
2.8341529973171253
2.653238714945519
2.5775142390835892
3.0560323830439775
4.619813317367346
3.1703841560726618
2.576710198303842
4.077716951022767
2.0268975661627437
4.302098354464226
4.7839560430566035
2.8045947111120695
4.300094820465512
4.225821477314502
3.8721214866197453
3.99827645997268
2.0388654243249786
2.5977416962153734
3.213558157237856
2.4262690434737153
4.060929472571189
4.526742808502157
3.829115549422069
4.2041585556072265
4.034500644312155
3.9676481215626063
4.078423087537105
4.649923537924932
4.652224175042092
4.907546180878003
4.666862574544558
4.922640430230964
4.911168292963884
4.959731298292893
4.543059713096943
4.865441986787368
4.816456291230821
4.144998968944479
4.258750169288168
4.873642416401248
4.6058251781155235
4.946891335428925
4.652324371447787
4.620036066879324
3.129127624386466
4.534273865796518
4.525845924128479
4.900578582021588
3.515913748176698
4.411518787227065
4.118148059167429
3.613760176098942
3.210235547071828
3.8296438841236107
2.4795451187218314
3.592217026504484
3.5108959478799715
4.024192179763374
4.670099527880618
3.4127137834424928
4.3959440607048625
4.630267053722341
2.927435012441817
3.8066664965194517
3.851873746965077
4.9589429670102385
3.7889282961679234
4.343696220661655
3.808266770429421
3.8605337242810895
3.8306514731869683
3.9351162004765206
3.3171530738362653
3.816730936870736
4.521815004104149
3.6089215839016826
4.149296858571708
4.453840344289088
3.254250581133435
4.934273947005743
4.299978874471039
4.568734812751297
2.8607889578099823
4.271839790431008
3.894244387707246
3.9671591745171457
3.2997450677059113
4.024630054112782
4.9143029438677015
4.502762115435852
3.23404521460708
4.859863645034312
4.911935728625145
4.665522396136854
4.078172631896572
4.584400102126455
4.071436272083724
4.498360927570611
4.88163950134187
4.803389198306106
4.643786102691086
4.867907902248901
4.71383343165513
3.900217920560126
4.419272980310399
4.405265453336275
4.765000608030743
3.0696402370042213
4.946703621127593
4.365868671529328
4.733065469488917
3.945520169512638
4.726170680800409
4.885063892998458
4.333940065794221
4.34877964359246
3.661140331128057
4.045425945595213
4.443648458680141
4.987238055209503
3.1783919402373195
4.030567179053382
1.9888394093805106
1.77305443386961
3.7430143015113537
4.664007592129028
4.035528660064425
2.998873715482474
4.224427756839198
2.0047600213542505
2.2309581319301284
2.8239913279356728
2.466358713052305
4.676865256823452
3.8832655191294054
3.9812303136150575
1.9007831367924382
3.0332632669253488
3.013498632613805
2.8502902069431175
2.768119896075469
2.7071625984446857
1.0955986187813374
3.7924853845899804
1.6370063204797887
3.8081595760781313
1.8732395874048
3.8616392223980798
3.3930772088269934
2.8349010958884695
3.783386242768971
3.1813490110004685
3.827262747617258
4.09590734082953
2.568135121522246
2.677586974200082
3.485735284642214
4.659301068280225
4.790675492694616
4.168534656276037
0.9316714059060023
1.7190639098629494
4.302532601638861
4.7573300020938225
4.9663510137019715
4.869465983939548
4.24590333858492
4.497615265256772
4.80633928693002
4.747706351141024
4.684905144085289
4.349391717359799
4.7460781552303075
4.824004495362063
4.901339407133001
4.912961782057045
4.921591324695973
4.2597264136248185
4.5486421080651
4.908113751794304
4.952119922133398
4.69852911175361
4.919516909171038
4.5364416386136766
4.774240774907654
4.736380685244135
4.6268151195031555
4.878692879802228
4.303319632198952
4.848140752858917
4.487608878173514
4.725767219656111
4.994391359288962
4.553756256246413
4.902606239514337
4.258626163561122
3.487378759353051
1.9497448902886796
2.9152982707665447
2.7914275833384368
2.00768385368318
3.8888307441352077
2.6680181463045205
3.801296531912649
1.9679242907710879
2.966309069406395
2.1767974866754094
1.925192333711886
2.1534096499292974
4.114548575085997
1.3452913895543483
3.7286851092618822
3.115951220794122
3.328706921114956
3.3160962763507333
2.0175274550236546
3.1941543844981317
3.6012556548082726
1.2715417523411714
4.075231924446478
1.79028708294063
1.109796980185023
2.156288939764521
1.7564545397927174
3.4329403483190504
2.6668802846753574
1.6404517458914738
4.207183768470868
3.6623039227592744
3.6947885041693924
4.724665475044399
3.5935926327676264
1.6221093052245603
3.382057157222048
3.0675828628718125
2.347804016464038
4.1421449436275815
3.4828939093295666
4.137194267113221
4.720401358689638
2.202064104047034
3.182048228083115
2.4137486206143324
3.365491436208423
2.979056050749488
3.8922701420951977
2.8023053285566824
3.232975043960127
3.29223051119768
3.3667011925877484
2.603963020595919
2.898693528269567
3.332474080197987
3.746180701051909
3.7885059017782257
4.105992434382043
4.329883515968441
3.581890419803298
2.466830226273579
4.064160669164651
3.7129328767735195
3.053643959433555
3.133828848426869
3.3513775786225337
4.074601032966466
3.8652762228348747
3.771073188675823
1.3798144777368815
4.362365340465233
4.626481412532761
4.468139428841743
4.1931778735838225
3.9744576315817937
4.080157225664118
3.5866333872048624
3.659973733074343
3.68372955791084
4.388007498537799
3.164603516526824
3.9222839772050038
3.5802514672960353
3.823654184141962
4.17291813770563
2.9603238307496405
3.006642914788371
3.808719403931155
3.81482321672283
3.940089102114568
4.115214151054812
3.83891696506421
3.553244480283944
3.981950095366163
4.624115473953611
4.18470336338129
4.409976916795429
4.614907447685699
3.78705660985233
3.905082230429106
2.6868539313297113
2.7350542914490616
1.7887709241873093
4.695018999967599
3.3103405058495166
3.3113733623175774
3.114493762026824
2.943645764830538
3.363324522047089
3.4808816070927144
3.6717346569252816
2.913406845033989
1.819119471744432
4.534514954228226
3.562718988153194
4.637997288419923
0.8108734948348967
3.914439992742804
1.7720648356472941
4.8440660778644125
3.6551597476263558
0.7811113207452157
4.006383739061423
1.637205214524467
3.4792628657489977
2.641248837272216
4.802684613386429
3.658655703959819
4.322390272417791
3.898715333690923
3.145424574213105
2.035157251733844
3.856200904852399
4.406544431966275
2.402004612639034
3.5380344144847133
4.016996751802882
4.298376722296115
3.67867146815864
4.731950881312347
2.7899049392152846
4.2788792505050655
3.8127925687730815
4.506580103510135
4.347532703943528
4.483432876740578
4.14947230302933
4.52649953248948
4.0786125951061285
4.430612937996399
4.430612937996399
2.8448212161859145
1.9860143916120538
2.6980561233936444
3.127690922119343
1.519031554347955
3.130685735069147
2.252168217285839
3.7474424722283506
4.002539142387815
4.277545058969825
4.3806014946406675
2.903423152495801
1.8596969981326843
3.696364255574797
2.459573457430054
1.6971503502138579
4.94082811206768
4.544901138604152
3.9492791698265344
4.767552574885828
4.560607714566795
4.330637757122198
2.577071279007614
2.1736243680974923
4.433675922371501
4.103763538048864
3.517532318608894
3.7665932902380894
3.590272436214842
4.146208615859748
2.120049260694333
3.1325479009486825
4.378729239938919
3.7005982854710053
1.8487309479128367
3.2815661810977046
3.461451079417082
2.9354009665495315
2.913868137158528
2.641874093986315
2.416488845441297
2.2927181002780705
4.839686232264812
4.860486479096353
4.769082771561917
4.72528106967007
4.392560459187997
3.053194411725947
4.26687613079987
3.8925042022800405
3.5130176284320136
4.840073129234102
3.975462942106472
2.8051306266378804
3.7396590625605426
4.7144047826688675
4.019512696806082
4.290551749443501
3.7146329520947243
4.105219536123029
3.9963853618740837
4.503003783481825
4.957376136364621
3.7014363352310355
3.4370352228299383
4.1060576117256
4.9800411521573364
2.7068504657614065
4.789263912668773
4.826459678309202
4.931777247516092
3.1639904545755737
4.4464771898344395
4.416666512442911
4.940305807208858
4.8771509521775025
4.39314527185235
4.951581946998256
4.041490086815177
3.69801639114793
4.401878095651307
4.383235790915626
3.3056986695270716
4.667965382980522
4.496124357481818
3.737357917369639
4.217194872067965
1.5789053034241682
1.58638458527698
2.0271213797288707
2.353375839141934
3.6638509134944273
2.369148932421581
4.957297063464836
1.628762861312314
2.6052160103816555
4.799887643381996
1.7701839306193736
2.2371263993098074
3.8280267890279647
4.104922388102716
2.572010971019353
2.749972290314176
3.0512924543762723
4.725983051009433
4.3208515571451525
4.3006183615469675
3.1564207734486645
3.5881930347711792
2.5465107887093588
3.7046077525023535
2.2622188794425044
2.5547364471068708
4.2981019311978725
2.371009405525901
3.5088566005059665
4.374605304097132
3.2723689399437736
3.524381381243169
2.317999165240845
2.6508722263031306
3.246470412198889
2.1384982251679117
2.230046808205506
4.85470423676944
4.912461899191626
3.6189778829219748
3.9224906589392963
3.2385595469284794
4.923704366716853
2.1478368041658946
3.5065780477644055
3.976262285195154
3.3530123571423482
4.737276792094925
1.8751680464952882
1.945968357517146
1.6363340291197033
1.614696114534317
1.842401918847767
3.4214403458092453
1.9840819344627627
3.952857648694568
1.9485867547898368
2.153302495559291
3.6235217189197186
2.385494190085855
2.952715133438264
2.2568619255846305
3.961924089359407
4.411939166818155
4.545255030141253
2.864352953808302
4.311943445634433
3.624512618822622
4.150943614801077
4.152799169103712
1.9361311209364604
2.3359616928148625
2.3815936532444053
2.0241988703305704
4.058863357287348
4.32537648142176
3.9867649209055545
3.737817410298593
4.231572378686412
2.750043489736214
2.643727144082206
1.1924539054017913
4.510274746350115
3.6012749249027878
3.3093309243078037
3.678884553570423
4.669562077316962
3.8101032660581247
2.23868303362468
1.3508269268980857
2.893280283973748
3.200325961305134
2.7126193107419763
2.6230020263315335
2.8706230381939863
2.3780639528498555
3.3945704264265344
1.2228135852088007
2.6609589531599678
2.5813054229951264
4.054348724237468
2.472731491712244
4.180712815761502
2.944473315730323
2.783829645704845
2.885663812668916
2.996880761651935
2.69814718195195
2.865366629383415
3.1141867060431214
2.2537305157614176
2.4914481033544402
3.3382156341382623
2.5139641422626013
2.5848696512841896
3.3785853502137395
3.254264591196847
1.5111324298153332
0.7107397371322273
3.9482313291614517
0.7208391898610169
1.3841846148349288
3.8375326106390935
2.419912952554683
2.247785957128684
0.26043301961864584
1.0658425189484155
3.4222929035403755
2.6365580861277547
2.830627626223706
2.2514052936323066
2.1890031536237298
3.247099363421112
1.7634000271184107
3.261781839610323
2.8990861963283443
3.637150721119676
2.7113781727828896
3.9786922609349635
1.7590747459118818
4.97994245444851
1.2464379047174827
0.642380226708079
4.453816259534598
4.098748066024055
4.446648181122631
3.1801006568123866
4.86756003379698
4.207263164141756
2.879973652045485
2.7480087722596322
3.4568638778993064
2.950447506186568
3.165730883955733
3.938298126086548
4.193012342085096
3.1768312526792317
1.9386465478796564
2.2581172794410076
1.9034278984627704
2.4015424635494775
3.539362117075816
1.3288634988073587
1.3175051942477678
4.758937627710492
3.153141841775816
2.928639097240129
3.176879390468794
2.009044983728664
0.7082365814201638
2.2965500866036272
3.088525962185657
3.405597881299395
4.300993556129151
3.2420949871069547
2.5705130464420805
2.0488161760094856
2.321280336154308
3.1421364782265604
3.093193941440921
2.8727863377111276
4.282051662140607
1.5306774858684624
4.367254897130013
3.420578658262676
4.393960722469881
4.562783457126973
4.163591312585685
4.370581971946237
2.708809855245675
2.3705520862179035
1.7407851737264823
3.8775645757060326
3.267845265211572
2.7534118313714093
2.377727421324265
2.377727421324265
2.944224336235974
2.8409196984135923
2.577607092628911
2.8409196984135923
2.9124660378080574
3.7152517733457917
2.646614232629329
3.285078096111822
3.8356595282681964
2.9091849299411967
3.3109815383066707
3.3558250799545863
3.1919703565882935
3.6656923708990043
3.7988993864831277
3.490142216606768
3.211839559707967
3.6106551778486176
3.3372373855927315
3.6074844462082876
3.5707980924716067
2.853900680062875
4.340379701936951
4.243696588911736
4.003394336043677
4.003394336043677
4.508274817348436
4.792259491372539
4.762138693963279
4.873199739654541
3.5473177230950883
4.774241705036503
3.7803691095930207
2.3849313536014654
4.229213969944799
3.8623823523781553
3.116522042261326
3.3352893467988363
3.303996158563686
3.1768334616535614
2.9302290461142353
3.2467012506143145
3.183983291932856
2.7616176063503004
3.4382583993901066
2.2812000532425576
3.4382583993901066
2.837469716045443
2.893949854691204
2.59018024538976
4.736138950783812
4.771722335837319
1.3833381356074634
1.4968598879302693
3.00484560868799
2.309458033766463
2.2181437702653155
1.7721311921513054
3.155238837993071
2.1094401161855556
1.9080200553727888
3.444158743695225
3.6804035300577276
1.5418441544314214
1.7129484599568672
0.6860022055530884
1.7218979486868562
3.0788390299365793
1.4743366275519896
1.6599633247745877
1.621828709802219
2.7639898386355495
2.5190054120105883
2.019258031908529
2.3824549293700703
3.693077487658318
4.2316575637561025
1.6858107307026982
3.007594867934131
1.597298248040859
1.4161971099445276
2.471855346559996
0.7501759993797887
2.5764413462084343
3.8861537760103593
0.43356168000350387
2.505855778745587
0.5018996025090624
1.6708719954861762
1.997468702533387
2.1226065237517995
2.6132876521830095
2.100140844144341
3.4203006800142903
1.8870209966576332
3.2550772106291324
1.76416953076276
4.511083239793798
4.889331765911918
2.442357011083829
2.6069014159122506
2.4393859636558446
4.017174464064847
2.187224495217148
0.9611121587000175
3.400645567386429
3.5913348062767785
2.8131431604233135
4.391175443001588
2.4973853115440687
1.8345910275009978
2.288694520931247
2.3214279433724205
4.27888701448842
2.707370915760162
0.4758088909979219
2.6151421135439956
2.228034973889424
1.3730802745117987
3.2987534358942834
0.1991491239074436
3.6360383872507884
3.7136712211356415
3.153040245370013
4.546702936775099
4.468823053469703
4.516154521763695
4.206194028247274
2.616333414427825
2.1992329709954883
4.861786354354368
3.473549108912402
3.2402847345206327
4.559074871704177
3.0863042568717503
2.837582177513186
2.406033960691386
2.209592694876315
0.9234568079047527
3.712127440202868
4.884067545903464
2.9677233973680224
4.667508994104738
0.26978191643747806
2.8177012462583293
3.208993518285307
2.58796034426509
4.914041046811782
4.828659744670196
2.417363412634208
1.774977357758065
4.05599555224301
2.147808700394581
4.390396324427174
4.804238098535616
3.241706797845582
3.9429055049108355
2.9582324962045745
4.167509788800106
4.94576781846299
4.909776459233615
3.7387674255820627
3.947036587858739
4.462985921073088
3.5853834994072096
4.759134914940955
4.750895076452778
4.61078223170237
4.593114556299609
3.983166706891406
4.239453522271192
4.731599123278356
4.442956233025625
3.5272170543341397
4.6301624817498634
3.100350963670767
3.582369922835508
1.0430987847978896
2.992962804052393
1.3828771803951858
0.6728860986973951
0.6314333890806665
3.6602683265909004
2.25373517485315
3.8478899541485436
0.9275544670802001
3.4139765514601894
4.75411844152421
2.0949711015959247
1.6116897695828594
2.5383358884640588
1.4519596350692052
4.313343301833821
4.2627919188914545
3.2963625251598523
1.0946707793163253
1.9989211744687183
1.3776077541527114
2.7474538949740106
1.1752428606252332
4.106259179450775
1.264361094563906
2.4957638913302134
3.442937828327461
3.947861435559572
3.95411913871652
2.1883671435614733
4.380747744252236
4.306198180582985
4.638417491331267
4.528953340995907
4.638417491331267
4.306198180582985
4.606633925695148
4.93813866587994
4.484360045797341
4.4909006478941595
3.5123295928914233
3.8182125509797373
3.4812573935577085
3.6141865209632766
4.164243777306452
4.453087979359874
4.427019259050842
1.130667333119039
1.084631287693343
3.773834709214509
3.08339289613302
3.4249096913111807
3.703969404923542
4.077978558909383
4.182386632826254
0.8584787584892085
3.4183564918094818
1.8836651864237661
3.0641158040005387
2.8011501274065016
2.0048629282416406
3.1046544627295662
3.530158730827004
4.526121491369238
4.344976020953779
3.600586679709174
4.82590352531534
3.2804048374127217
1.981409076685489
2.8263047852657226
4.407856174218173
4.113339471096904
3.9729578486961317
2.2815598355309072
2.7392952844576475
2.346325500778221
3.507033445366178
2.971047146614155
4.778162168790479
2.733564631929924
1.879547254717829
1.915192881366563
2.112498568954384
2.452791205908033
3.4744926652459287
1.799592556510473
2.2215123291620005
2.2084515283840127
4.729287652790167
3.916032980368036
3.7247155128525544
4.640903657732457
4.487071360241245
4.961054369230113
4.809760420179856
4.495482321984274
4.052144275007786
2.5480234703819735
2.881041507323384
2.9308109145303285
4.669724906221323
3.75262823288411
3.8729161182669514
2.823556753951
4.596495839346693
3.370074225838839
4.336049722000328
4.022412517119452
2.4615067950465357
4.913409926320331
1.9504594413446328
3.8888719500408486
4.190259911583352
2.6476650708685927
3.8088373784357517
4.852066586687486
4.9123607353029675
4.257860138135628
4.177806671972272
4.457577507417403
3.7405304226683413
3.8716672031727613
4.31819579552431
4.490413839951571
4.391718327987332
2.963507534330694
4.1759826599239815
4.41976890790393
4.80421526812571
3.232997054721282
2.9199428503679936
4.071902095125581
4.045579608208264
3.5414928671986914
2.149524902339751
